A = [
  0.027 
]
E = [
  200000 
]
GM = [
  313.56 -80.618 -40.8674 -181.339 0 279.538 0 0 0 -132.221 80.618 -238.671 
  -80.618 199.028 125.073 0 0 0 0 -149.874 -270.578 80.618 -49.1543 145.504 
  -40.8674 125.073 1350.13 279.538 0 -430.94 0 -270.578 -488.367 -238.671 145.504 -430.82 
  -181.339 0 279.538 276.742 81.4935 -279.538 -95.403 -81.4935 0 0 0 0 
  0 0 0 81.4935 69.6135 0 -81.4935 -69.6135 0 0 0 0 
  279.538 0 -430.94 -279.538 0 430.94 0 0 0 0 0 0 
  0 0 0 -95.403 -81.4935 0 95.403 81.4935 0 0 0 0 
  0 -149.874 -270.578 -81.4935 -69.6135 0 81.4935 219.488 270.578 0 0 0 
  0 -270.578 -488.367 0 0 0 0 270.578 488.367 0 0 0 
  -132.221 80.618 -238.671 0 0 0 0 0 0 132.221 -80.618 238.671 
  80.618 -49.1543 145.504 0 0 0 0 0 0 -80.618 49.1543 -145.504 
  -238.671 145.504 -430.82 0 0 0 0 0 0 238.671 -145.504 430.82 
]
GM1 = [
  132.221 -80.618 238.671 0 0 0 
  -80.618 49.1543 -145.504 0 0 0 
  238.671 -145.504 430.82 0 0 0 
  0 0 0 0 0 0 
  0 0 0 0 0 0 
  0 0 0 0 0 0 
]
GM2 = [
  181.339 0 -279.538 279.538 0 0 
  0 0 0 0 0 0 
  -279.538 0 430.94 -430.94 0 0 
  279.538 0 -430.94 430.94 0 0 
  0 0 0 0 0 0 
  0 0 0 0 0 0 
]
GM3 = [
  0 0 0 0 0 0 
  0 149.874 270.578 0 0 -149.874 
  0 270.578 488.367 0 0 -270.578 
  0 0 0 0 0 0 
  0 0 0 0 0 0 
  0 -149.874 -270.578 0 0 149.874 
]
GMS = [
  0 0 0 0 0 0 
  0 0 0 0 0 0 
  0 0 0 0 0 0 
  0 0 0 0 0 0 
  0 0 0 0 95.403 81.4935 
  0 0 0 0 81.4935 69.6135 
]
GMSM = [
  313.56 -80.618 -40.8674 279.538 0 0 
  -80.618 199.028 125.073 0 0 -149.874 
  -40.8674 125.073 1350.13 -430.94 0 -270.578 
  279.538 0 -430.94 430.94 0 0 
  0 0 0 0 95.403 81.4935 
  0 -149.874 -270.578 0 81.4935 219.488 
]
GMel1 = [
  132.221 -80.618 238.671 0 0 0 0 0 0 -132.221 80.618 -238.671 
  -80.618 49.1543 -145.504 0 0 0 0 0 0 80.618 -49.1543 145.504 
  238.671 -145.504 430.82 0 0 0 0 0 0 -238.671 145.504 -430.82 
  0 0 0 0 0 0 0 0 0 0 0 0 
  0 0 0 0 0 0 0 0 0 0 0 0 
  0 0 0 0 0 0 0 0 0 0 0 0 
  0 0 0 0 0 0 0 0 0 0 0 0 
  0 0 0 0 0 0 0 0 0 0 0 0 
  0 0 0 0 0 0 0 0 0 0 0 0 
  -132.221 80.618 -238.671 0 0 0 0 0 0 132.221 -80.618 238.671 
  80.618 -49.1543 145.504 0 0 0 0 0 0 -80.618 49.1543 -145.504 
  -238.671 145.504 -430.82 0 0 0 0 0 0 238.671 -145.504 430.82 
]
GMel2 = [
  181.339 0 -279.538 -181.339 0 279.538 0 0 0 0 0 0 
  0 0 0 0 0 0 0 0 0 0 0 0 
  -279.538 0 430.94 279.538 0 -430.94 0 0 0 0 0 0 
  -181.339 0 279.538 181.339 0 -279.538 0 0 0 0 0 0 
  0 0 0 0 0 0 0 0 0 0 0 0 
  279.538 0 -430.94 -279.538 0 430.94 0 0 0 0 0 0 
  0 0 0 0 0 0 0 0 0 0 0 0 
  0 0 0 0 0 0 0 0 0 0 0 0 
  0 0 0 0 0 0 0 0 0 0 0 0 
  0 0 0 0 0 0 0 0 0 0 0 0 
  0 0 0 0 0 0 0 0 0 0 0 0 
  0 0 0 0 0 0 0 0 0 0 0 0 
]
GMel3 = [
  0 0 0 0 0 0 0 0 0 0 0 0 
  0 149.874 270.578 0 0 0 0 -149.874 -270.578 0 0 0 
  0 270.578 488.367 0 0 0 0 -270.578 -488.367 0 0 0 
  0 0 0 0 0 0 0 0 0 0 0 0 
  0 0 0 0 0 0 0 0 0 0 0 0 
  0 0 0 0 0 0 0 0 0 0 0 0 
  0 0 0 0 0 0 0 0 0 0 0 0 
  0 -149.874 -270.578 0 0 0 0 149.874 270.578 0 0 0 
  0 -270.578 -488.367 0 0 0 0 270.578 488.367 0 0 0 
  0 0 0 0 0 0 0 0 0 0 0 0 
  0 0 0 0 0 0 0 0 0 0 0 0 
  0 0 0 0 0 0 0 0 0 0 0 0 
]
GMelS = [
  0 0 0 0 0 0 0 0 0 0 0 0 
  0 0 0 0 0 0 0 0 0 0 0 0 
  0 0 0 0 0 0 0 0 0 0 0 0 
  0 0 0 95.403 81.4935 0 -95.403 -81.4935 0 0 0 0 
  0 0 0 81.4935 69.6135 0 -81.4935 -69.6135 0 0 0 0 
  0 0 0 0 0 0 0 0 0 0 0 0 
  0 0 0 -95.403 -81.4935 0 95.403 81.4935 0 0 0 0 
  0 0 0 -81.4935 -69.6135 0 81.4935 69.6135 0 0 0 0 
  0 0 0 0 0 0 0 0 0 0 0 0 
  0 0 0 0 0 0 0 0 0 0 0 0 
  0 0 0 0 0 0 0 0 0 0 0 0 
  0 0 0 0 0 0 0 0 0 0 0 0 
]
GlobalStiffnessMatrix = [
  313.56 -80.618 -40.8674 279.538 0 0 
  -80.618 199.028 125.073 0 0 -149.874 
  -40.8674 125.073 1350.13 -430.94 0 -270.578 
  279.538 0 -430.94 430.94 0 0 
  0 0 0 0 95.403 81.4935 
  0 -149.874 -270.578 0 81.4935 219.488 
]
L1 = [
  8.8216 
]
L2 = [
  8.8204 
]
L3 = [
  8.4599 
]
Lspring = [
  6.3127 
]
T = [
  0 0 0 
  0 -0.7604 -0.6495 
]
W = [
  9 
]
X = [
  9 
]
Y = [
  5 
]
Z = [
  6 
]
a = [
  7.4 
]
alpha = [
  32.9694 
]
b = [
  4.1 
]
beta = [
  31.373 
]
c = [
  4.8 
]
c11 = [
  0.4648 
]
c12 = [
  -0.2834 
]
c13 = [
  0.8389 
]
c21 = [
  -0.5442 
]
c22 = [
  0 
]
c23 = [
  0.839 
]
c31 = [
  0 
]
c32 = [
  0.4846 
]
c33 = [
  0.8747 
]
cs1 = [
  -0.7604 
]
cs2 = [
  -0.6495 
]
cs3 = [
  0 
]
d = [
  2.5 
]
displacements = [
  0.0189502 
  -0.000241903 
  0.00349622 
  -0.0071461 
  0.00435738 
]
globalLoadVector = [
  5.03594 
  -1.7917 
  3.94317 
  0 
  0 
  0 
]
iNum = 108022249956
k1 = [
  132.221 -80.618 238.671 -132.221 80.618 -238.671 
  -80.618 49.1543 -145.504 80.618 -49.1543 145.504 
  238.671 -145.504 430.82 -238.671 145.504 -430.82 
  -132.221 80.618 -238.671 132.221 -80.618 238.671 
  80.618 -49.1543 145.504 -80.618 49.1543 -145.504 
  -238.671 145.504 -430.82 238.671 -145.504 430.82 
]
k2 = [
  181.339 0 -279.538 -181.339 0 279.538 
  0 0 0 0 0 0 
  -279.538 0 430.94 279.538 0 -430.94 
  -181.339 0 279.538 181.339 0 -279.538 
  0 0 0 0 0 0 
  279.538 0 -430.94 -279.538 0 430.94 
]
k3 = [
  0 0 0 0 0 0 
  0 149.874 270.578 0 -149.874 -270.578 
  0 270.578 488.367 0 -270.578 -488.367 
  0 0 0 0 0 0 
  0 -149.874 -270.578 0 149.874 270.578 
  0 -270.578 -488.367 0 270.578 488.367 
]
kSpring = [
  95.403 81.4935 0 -95.403 -81.4935 0 
  81.4935 69.6135 0 -81.4935 -69.6135 0 
  0 0 0 0 0 0 
  -95.403 -81.4935 0 95.403 81.4935 0 
  -81.4935 -69.6135 0 81.4935 69.6135 0 
  0 0 0 0 0 0 
]
kr1 = [
  132.221 -80.618 238.671 
  -80.618 49.1543 -145.504 
  238.671 -145.504 430.82 
]
kr2 = [
  430.94 279.538 0 -430.94 
  279.538 181.339 0 -279.538 
  0 0 0 0 
  -430.94 -279.538 0 430.94 
]
kr3 = [
  0 0 0 0 0 
  0 149.874 0 -149.874 -270.578 
  0 0 0 0 0 
  0 -149.874 0 149.874 270.578 
  0 -270.578 0 270.578 488.367 
]
ks = [
  165 
]
ksr = [
  0 0 0 
  0 95.403 81.4935 
  0 81.4935 69.6135 
]
localLoadVector = [
  6.32215 
  6.32215 
]
pmax = [
  4.3 
]
prF = [
  2.5 
]
pru23 = [
  -0.0028 
]
rGM = [
  313.56 -80.618 -40.8674 279.538 0 
  -80.618 199.028 125.073 0 91.3932 
  -40.8674 125.073 1350.13 -430.94 164.998 
  279.538 0 -430.94 430.94 0 
  0 91.3932 164.998 0 77.6313 
]
rsmm1 = [c1^2, c1*c2, c1*c3
 c1*c2, c2^2, c2*c3
 c1*c3, c2*c3, c3^2]
rsmm2 = [c3^2, -c1*c3, -c2*c3, -c3^2
 -c1*c3, c1^2, c1*c2, c1*c3
 -c2*c3, c1*c2, c2^2, c2*c3
 -c3^2, c1*c3, c2*c3, c3^2]
rsmm3 = [c1^2, c1*c2, -c1^2, -c1*c2, -c1*c3
 c1*c2, c2^2, -c1*c2, -c2^2, -c2*c3
 -c1^2, -c1*c2, c1^2, c1*c2, c1*c3
 -c1*c2, -c2^2, c1*c2, c2^2, c2*c3
 -c1*c3, -c2*c3, c1*c3, c2*c3, c3^2]
rsmms = [c3^2, -c1*c3, -c2*c3
 -c1*c3, c1^2, c1*c2
 -c2*c3, c1*c2, c2^2]
smm1 = [c1^2, c1*c2, c1*c3, -c1^2, -c1*c2, -c1*c3
 c1*c2, c2^2, c2*c3, -c1*c2, -c2^2, -c2*c3
 c1*c3, c2*c3, c3^2, -c1*c3, -c2*c3, -c3^2
 -c1^2, -c1*c2, -c1*c3, c1^2, c1*c2, c1*c3
 -c1*c2, -c2^2, -c2*c3, c1*c2, c2^2, c2*c3
 -c1*c3, -c2*c3, -c3^2, c1*c3, c2*c3, c3^2]
smm2 = [c1^2, c1*c2, c1*c3, -c1^2, -c1*c2, -c1*c3
 c1*c2, c2^2, c2*c3, -c1*c2, -c2^2, -c2*c3
 c1*c3, c2*c3, c3^2, -c1*c3, -c2*c3, -c3^2
 -c1^2, -c1*c2, -c1*c3, c1^2, c1*c2, c1*c3
 -c1*c2, -c2^2, -c2*c3, c1*c2, c2^2, c2*c3
 -c1*c3, -c2*c3, -c3^2, c1*c3, c2*c3, c3^2]
smm3 = [c1^2, c1*c2, c1*c3, -c1^2, -c1*c2, -c1*c3
 c1*c2, c2^2, c2*c3, -c1*c2, -c2^2, -c2*c3
 c1*c3, c2*c3, c3^2, -c1*c3, -c2*c3, -c3^2
 -c1^2, -c1*c2, -c1*c3, c1^2, c1*c2, c1*c3
 -c1*c2, -c2^2, -c2*c3, c1*c2, c2^2, c2*c3
 -c1*c3, -c2*c3, -c3^2, c1*c3, c2*c3, c3^2]
smms = [c1^2, c1*c2, c1*c3, -c1^2, -c1*c2, -c1*c3
 c1*c2, c2^2, c2*c3, -c1*c2, -c2^2, -c2*c3
 c1*c3, c2*c3, c3^2, -c1*c3, -c2*c3, -c3^2
 -c1^2, -c1*c2, -c1*c3, c1^2, c1*c2, c1*c3
 -c1*c2, -c2^2, -c2*c3, c1*c2, c2^2, c2*c3
 -c1*c3, -c2*c3, -c3^2, c1*c3, c2*c3, c3^2]
springForceVector = [
  0.429623 
]
stiff1 = [
  612.134 
]
stiff2 = [
  612.217 
]
stiff3 = [
  638.305 
]
u = [
  -0.0028 
  -0.0071027 
  0.0043312 
]
uLocal = [
  0 
  0.00258778 
]
unRedglobalLoadVector = [
  2.93853 
  -1.7917 
  5.30365 
  2.93853 
  -1.7917 
  5.30365 
]
x1 = [
  4.1 
]
x2 = [
  8.9 
]
x3 = [
  4.1 
]
x4 = [
  0 
]
y1 = [
  -2.5 
]
y2 = [
  -2.5 
]
y3 = [
  -6.6 
]
y4 = [
  0 
]
z1 = [
  7.4 
]
z2 = [
  0 
]
z3 = [
  0 
]
z4 = [
  0 
]
