A = [
  0.027 
]
E = [
  200000 
]
GM = [
  313.555 -80.6329 -40.8448 -181.31 0 279.528 0 0 0 -132.245 80.6329 -238.684 
  -80.6329 199.062 125.033 0 0 0 0 -149.898 -270.565 80.6329 -49.1639 145.531 
  -40.8448 125.033 1350.11 279.528 0 -430.952 0 -270.565 -488.368 -238.684 145.531 -430.791 
  -181.31 0 279.528 276.715 81.4902 -279.528 -95.4043 -81.4902 0 0 0 0 
  0 0 0 81.4902 69.6053 0 -81.4902 -69.6053 0 0 0 0 
  279.528 0 -430.952 -279.528 0 430.952 0 0 0 0 0 0 
  0 0 0 -95.4043 -81.4902 0 95.4043 81.4902 0 0 0 0 
  0 -149.898 -270.565 -81.4902 -69.6053 0 81.4902 219.503 270.565 0 0 0 
  0 -270.565 -488.368 0 0 0 0 270.565 488.368 0 0 0 
  -132.245 80.6329 -238.684 0 0 0 0 0 0 132.245 -80.6329 238.684 
  80.6329 -49.1639 145.531 0 0 0 0 0 0 -80.6329 49.1639 -145.531 
  -238.684 145.531 -430.791 0 0 0 0 0 0 238.684 -145.531 430.791 
]
GM1 = [
  132.245 -80.6329 238.684 0 0 0 
  -80.6329 49.1639 -145.531 0 0 0 
  238.684 -145.531 430.791 0 0 0 
  0 0 0 0 0 0 
  0 0 0 0 0 0 
  0 0 0 0 0 0 
]
GM2 = [
  181.31 0 -279.528 279.528 0 0 
  0 0 0 0 0 0 
  -279.528 0 430.952 -430.952 0 0 
  279.528 0 -430.952 430.952 0 0 
  0 0 0 0 0 0 
  0 0 0 0 0 0 
]
GM3 = [
  0 0 0 0 0 0 
  0 149.898 270.565 0 0 -149.898 
  0 270.565 488.368 0 0 -270.565 
  0 0 0 0 0 0 
  0 0 0 0 0 0 
  0 -149.898 -270.565 0 0 149.898 
]
GMS = [
  0 0 0 0 0 0 
  0 0 0 0 0 0 
  0 0 0 0 0 0 
  0 0 0 0 0 0 
  0 0 0 0 95.4043 81.4902 
  0 0 0 0 81.4902 69.6053 
]
GMSM = [
  313.555 -80.6329 -40.8448 279.528 0 0 
  -80.6329 199.062 125.033 0 0 -149.898 
  -40.8448 125.033 1350.11 -430.952 0 -270.565 
  279.528 0 -430.952 430.952 0 0 
  0 0 0 0 95.4043 81.4902 
  0 -149.898 -270.565 0 81.4902 219.503 
]
GMel1 = [
  132.245 -80.6329 238.684 0 0 0 0 0 0 -132.245 80.6329 -238.684 
  -80.6329 49.1639 -145.531 0 0 0 0 0 0 80.6329 -49.1639 145.531 
  238.684 -145.531 430.791 0 0 0 0 0 0 -238.684 145.531 -430.791 
  0 0 0 0 0 0 0 0 0 0 0 0 
  0 0 0 0 0 0 0 0 0 0 0 0 
  0 0 0 0 0 0 0 0 0 0 0 0 
  0 0 0 0 0 0 0 0 0 0 0 0 
  0 0 0 0 0 0 0 0 0 0 0 0 
  0 0 0 0 0 0 0 0 0 0 0 0 
  -132.245 80.6329 -238.684 0 0 0 0 0 0 132.245 -80.6329 238.684 
  80.6329 -49.1639 145.531 0 0 0 0 0 0 -80.6329 49.1639 -145.531 
  -238.684 145.531 -430.791 0 0 0 0 0 0 238.684 -145.531 430.791 
]
GMel2 = [
  181.31 0 -279.528 -181.31 0 279.528 0 0 0 0 0 0 
  0 0 0 0 0 0 0 0 0 0 0 0 
  -279.528 0 430.952 279.528 0 -430.952 0 0 0 0 0 0 
  -181.31 0 279.528 181.31 0 -279.528 0 0 0 0 0 0 
  0 0 0 0 0 0 0 0 0 0 0 0 
  279.528 0 -430.952 -279.528 0 430.952 0 0 0 0 0 0 
  0 0 0 0 0 0 0 0 0 0 0 0 
  0 0 0 0 0 0 0 0 0 0 0 0 
  0 0 0 0 0 0 0 0 0 0 0 0 
  0 0 0 0 0 0 0 0 0 0 0 0 
  0 0 0 0 0 0 0 0 0 0 0 0 
  0 0 0 0 0 0 0 0 0 0 0 0 
]
GMel3 = [
  0 0 0 0 0 0 0 0 0 0 0 0 
  0 149.898 270.565 0 0 0 0 -149.898 -270.565 0 0 0 
  0 270.565 488.368 0 0 0 0 -270.565 -488.368 0 0 0 
  0 0 0 0 0 0 0 0 0 0 0 0 
  0 0 0 0 0 0 0 0 0 0 0 0 
  0 0 0 0 0 0 0 0 0 0 0 0 
  0 0 0 0 0 0 0 0 0 0 0 0 
  0 -149.898 -270.565 0 0 0 0 149.898 270.565 0 0 0 
  0 -270.565 -488.368 0 0 0 0 270.565 488.368 0 0 0 
  0 0 0 0 0 0 0 0 0 0 0 0 
  0 0 0 0 0 0 0 0 0 0 0 0 
  0 0 0 0 0 0 0 0 0 0 0 0 
]
GMelS = [
  0 0 0 0 0 0 0 0 0 0 0 0 
  0 0 0 0 0 0 0 0 0 0 0 0 
  0 0 0 0 0 0 0 0 0 0 0 0 
  0 0 0 95.4043 81.4902 0 -95.4043 -81.4902 0 0 0 0 
  0 0 0 81.4902 69.6053 0 -81.4902 -69.6053 0 0 0 0 
  0 0 0 0 0 0 0 0 0 0 0 0 
  0 0 0 -95.4043 -81.4902 0 95.4043 81.4902 0 0 0 0 
  0 0 0 -81.4902 -69.6053 0 81.4902 69.6053 0 0 0 0 
  0 0 0 0 0 0 0 0 0 0 0 0 
  0 0 0 0 0 0 0 0 0 0 0 0 
  0 0 0 0 0 0 0 0 0 0 0 0 
  0 0 0 0 0 0 0 0 0 0 0 0 
]
GlobalStiffnessMatrix = [
  313.555 -80.6329 -40.8448 279.528 0 0 
  -80.6329 199.062 125.033 0 0 -149.898 
  -40.8448 125.033 1350.11 -430.952 0 -270.565 
  279.528 0 -430.952 430.952 0 0 
  0 0 0 0 95.4043 81.4902 
  0 -149.898 -270.565 0 81.4902 219.503 
]
L1 = [
  8.8216 
]
L2 = [
  8.8204 
]
L3 = [
  8.4599 
]
Lspring = [
  6.3127 
]
W = [
  9 
]
X = [
  9 
]
Y = [
  5 
]
Z = [
  6 
]
a = [
  7.4 
]
alpha = [
  32.9694 
]
b = [
  4.1 
]
beta = [
  31.373 
]
c = [
  4.8 
]
c11 = [
  0.4648 
]
c12 = [
  -0.2834 
]
c13 = [
  0.8389 
]
c21 = [
  -0.5442 
]
c22 = [
  0 
]
c23 = [
  0.839 
]
c31 = [
  0 
]
c32 = [
  0.4846 
]
c33 = [
  0.8747 
]
cs1 = [
  -0.7604 
]
cs2 = [
  -0.6495 
]
cs3 = [
  0 
]
d = [
  2.5 
]
displacements = [
  0.0139241 
  -0.0196896 
  0.00330488 
  0.0161573 
  -0.00985201 
]
globalLoadVector = [
  5.03594 
  -3.15217 
  5.30365 
  0 
  0 
  0 
]
iNum = 108022249956
k1 = [
  132.245 -80.6329 238.684 -132.245 80.6329 -238.684 
  -80.6329 49.1639 -145.531 80.6329 -49.1639 145.531 
  238.684 -145.531 430.791 -238.684 145.531 -430.791 
  -132.245 80.6329 -238.684 132.245 -80.6329 238.684 
  80.6329 -49.1639 145.531 -80.6329 49.1639 -145.531 
  -238.684 145.531 -430.791 238.684 -145.531 430.791 
]
k2 = [
  181.31 0 -279.528 -181.31 0 279.528 
  0 0 0 0 0 0 
  -279.528 0 430.952 279.528 0 -430.952 
  -181.31 0 279.528 181.31 0 -279.528 
  0 0 0 0 0 0 
  279.528 0 -430.952 -279.528 0 430.952 
]
k3 = [
  0 0 0 0 0 0 
  0 149.898 270.565 0 -149.898 -270.565 
  0 270.565 488.368 0 -270.565 -488.368 
  0 0 0 0 0 0 
  0 -149.898 -270.565 0 149.898 270.565 
  0 -270.565 -488.368 0 270.565 488.368 
]
kSpring = [
  95.4043 81.4902 0 -95.4043 -81.4902 0 
  81.4902 69.6053 0 -81.4902 -69.6053 0 
  0 0 0 0 0 0 
  -95.4043 -81.4902 0 95.4043 81.4902 0 
  -81.4902 -69.6053 0 81.4902 69.6053 0 
  0 0 0 0 0 0 
]
kr1 = [
  132.245 -80.6329 238.684 
  -80.6329 49.1639 -145.531 
  238.684 -145.531 430.791 
]
kr2 = [
  430.952 279.528 0 -430.952 
  279.528 181.31 0 -279.528 
  0 0 0 0 
  -430.952 -279.528 0 430.952 
]
kr3 = [
  0 0 0 0 0 
  0 149.898 0 -149.898 -270.565 
  0 0 0 0 0 
  0 -149.898 0 149.898 270.565 
  0 -270.565 0 270.565 488.368 
]
ks = [
  165 
]
ksr = [
  0 0 0 
  0 95.4043 81.4902 
  0 81.4902 69.6053 
]
localLoadVector = [
  6.32215 
  6.32215 
]
pmax = [
  4.3 
]
prF = [
  2.5 
]
pru23 = [
  -0.0028 
]
rGM = [
  313.555 -80.6329 -40.8448 279.528 0 
  -80.6329 199.062 125.033 0 91.4011 
  -40.8448 125.033 1350.11 -430.952 164.978 
  279.528 0 -430.952 430.952 0 
  0 91.4011 164.978 0 77.6379 
]
rsmm1 = [c1^2, c1*c2, c1*c3
 c1*c2, c2^2, c2*c3
 c1*c3, c2*c3, c3^2]
rsmm2 = [c3^2, -c1*c3, -c2*c3, -c3^2
 -c1*c3, c1^2, c1*c2, c1*c3
 -c2*c3, c1*c2, c2^2, c2*c3
 -c3^2, c1*c3, c2*c3, c3^2]
rsmm3 = [c1^2, c1*c2, -c1^2, -c1*c2, -c1*c3
 c1*c2, c2^2, -c1*c2, -c2^2, -c2*c3
 -c1^2, -c1*c2, c1^2, c1*c2, c1*c3
 -c1*c2, -c2^2, c1*c2, c2^2, c2*c3
 -c1*c3, -c2*c3, c1*c3, c2*c3, c3^2]
rsmms = [c3^2, -c1*c3, -c2*c3
 -c1*c3, c1^2, c1*c2
 -c2*c3, c1*c2, c2^2]
smm1 = [c1^2, c1*c2, c1*c3, -c1^2, -c1*c2, -c1*c3
 c1*c2, c2^2, c2*c3, -c1*c2, -c2^2, -c2*c3
 c1*c3, c2*c3, c3^2, -c1*c3, -c2*c3, -c3^2
 -c1^2, -c1*c2, -c1*c3, c1^2, c1*c2, c1*c3
 -c1*c2, -c2^2, -c2*c3, c1*c2, c2^2, c2*c3
 -c1*c3, -c2*c3, -c3^2, c1*c3, c2*c3, c3^2]
smm2 = [c1^2, c1*c2, c1*c3, -c1^2, -c1*c2, -c1*c3
 c1*c2, c2^2, c2*c3, -c1*c2, -c2^2, -c2*c3
 c1*c3, c2*c3, c3^2, -c1*c3, -c2*c3, -c3^2
 -c1^2, -c1*c2, -c1*c3, c1^2, c1*c2, c1*c3
 -c1*c2, -c2^2, -c2*c3, c1*c2, c2^2, c2*c3
 -c1*c3, -c2*c3, -c3^2, c1*c3, c2*c3, c3^2]
smm3 = [c1^2, c1*c2, c1*c3, -c1^2, -c1*c2, -c1*c3
 c1*c2, c2^2, c2*c3, -c1*c2, -c2^2, -c2*c3
 c1*c3, c2*c3, c3^2, -c1*c3, -c2*c3, -c3^2
 -c1^2, -c1*c2, -c1*c3, c1^2, c1*c2, c1*c3
 -c1*c2, -c2^2, -c2*c3, c1*c2, c2^2, c2*c3
 -c1*c3, -c2*c3, -c3^2, c1*c3, c2*c3, c3^2]
smms = [c1^2, c1*c2, c1*c3, -c1^2, -c1*c2, -c1*c3
 c1*c2, c2^2, c2*c3, -c1*c2, -c2^2, -c2*c3
 c1*c3, c2*c3, c3^2, -c1*c3, -c2*c3, -c3^2
 -c1^2, -c1*c2, -c1*c3, c1^2, c1*c2, c1*c3
 -c1*c2, -c2^2, -c2*c3, c1*c2, c2^2, c2*c3
 -c1*c3, -c2*c3, -c3^2, c1*c3, c2*c3, c3^2]
springForceVector = [
  1.21622 
]
stiff1 = [
  612.134 
]
stiff2 = [
  612.217 
]
stiff3 = [
  638.305 
]
unRedglobalLoadVector = [
  2.93853 
  -1.7917 
  5.30365 
  2.93853 
  -1.7917 
  5.30365 
]
x1 = [
  4.1 
]
x2 = [
  8.9 
]
x3 = [
  4.1 
]
x4 = [
  0 
]
y1 = [
  -2.5 
]
y2 = [
  -2.5 
]
y3 = [
  -6.6 
]
y4 = [
  0 
]
z1 = [
  7.4 
]
z2 = [
  0 
]
z3 = [
  0 
]
z4 = [
  0 
]
